BLEU-1: 0.634226
BLEU-2: 0.398735
BLEU-3: 0.294879
BLEU-4: 0.166446
